9	5	80	3	10
0.001
2	300
130	1440
0	34
19	56
1	2
1	200
560	20	1510
10	41	61
21	54	72
1	2	3
2	300
1180	360
5	39
24	61
1	2
2	270
280	1010	190
5	36	65
24	55	87
3	1	2
2	300
1030	460
0	34
19	56
1	2
2	300
1130	1040
5	37
27	56
2	1
1	200
1330	580	1790
10	36	56
21	49	67
1	2	3
2	300
1100	320
5	39
24	61
1	2
2	300
1040	50
0	32
22	51
2	1
1600	5
10.441489361702128	18.39577114427861	26.72
104	900	21	200
45	1200	37	230
3	1200	37	250
66	0	29	250
22	900	30	250
1800	5
12.130116959064328	21.811176470588236	33.65833333333333
100	900	26	250
83	300	34	230
10	1500	27	250
59	0	30	270
34	300	20	200
2100	5
10.115424430641822	18.032258064516128	41.03260869565217
45	300	32	290
59	600	29	240
95	1800	22	210
84	0	25	200
6	1800	20	190
0	255	305
255	0	117
305	117	0
200	200	300	500
0	34	9223372036854775807	9223372036854775807
10	41	61	9223372036854775807
5	39	9223372036854775807	9223372036854775807
0	0	0	0
0	0	0	0
0	0	0	0
0	0	0	0
0	0	0	0
0	0	0	0
49	96	0	0
38	76	94	0
54	101	0	0
62	85	127	0
49	96	0	0
67	86	0	0
38	71	89	0
54	101	0	0
62	81	0	0
0.058823529	0.057142857	0.055555556	0.054054054	0.052631579	0.051282051	0.05	0.048780488	0.047619048	0.046511628
0.109187752	0.11641184	0.123890078	0.131623974	0.139615005	0.147864615	0.15637422	0.165145206	0.174178933	0.183476735
0.158346653	0.169270098	0.180607342	0.192361911	0.204537266	0.217136802	0.23016385	0.243621687	0.257513528	0.271842536
0.252537542	0.269646633	0.287383614	0.305753125	0.324759715	0.34440784	0.36470187	0.385646096	0.407244729	0.429501902
