11	3	20	3	10
0.001
2	300
960	360
5	44
24	66
1	2
2	300
950	570
5	44
24	66
1	2
1	200
980	380	70
10	31	46
21	44	57
1	2	3
2	250
1100	360
0	29
22	48
2	3
2	270
1370	1020	230
10	51	85
29	70	107
3	1	2
2	300
500	950
5	42
27	61
2	1
2	270
1790	380	440
5	46	80
24	65	102
3	1	2
3	330
380	820
5	44
32	86
1	3
2	250
160	1550
10	39
32	58
2	3
2	270
1510	120	1480
0	41	80
19	60	102
3	1	2
2	300
1200	600
5	37
27	56
2	1
1600	3
10.441489361702128	18.39577114427861	26.72
97	600	40	260
50	900	29	200
131	1200	40	260
1800	3
12.130116959064328	21.811176470588236	33.65833333333333
15	600	20	200
14	0	45	330
57	600	23	190
2100	3
10.115424430641822	18.032258064516128	41.03260869565217
30	1800	40	260
76	600	39	310
54	600	21	200
0	255	305
255	0	117
305	117	0
200	200	300	500
5	44	9223372036854775807	9223372036854775807
5	44	9223372036854775807	9223372036854775807
10	31	46	9223372036854775807
0	0	0	0
0	0	0	0
0	0	0	0
0	0	0	0
0	0	0	0
0	0	0	0
0	0	0	0
0	0	0	0
54	106	0	0
54	106	0	0
38	66	79	0
62	86	0	0
67	100	147	0
67	91	0	0
62	95	142	0
75	173	0	0
72	96	0	0
57	90	142	0
67	86	0	0
0.058823529	0.057142857	0.055555556	0.054054054	0.052631579	0.051282051	0.05	0.048780488	0.047619048	0.046511628
0.109187752	0.11641184	0.123890078	0.131623974	0.139615005	0.147864615	0.15637422	0.165145206	0.174178933	0.183476735
0.158346653	0.169270098	0.180607342	0.192361911	0.204537266	0.217136802	0.23016385	0.243621687	0.257513528	0.271842536
0.252537542	0.269646633	0.287383614	0.305753125	0.324759715	0.34440784	0.36470187	0.385646096	0.407244729	0.429501902
