6	5	20	3	10
0.001
2	300
950	930
0	34
19	56
1	2
2	250
1360	1060
10	34
32	53
2	3
2	300
450	900
10	52
32	71
2	1
2	270
1360	30	1130
10	51	90
29	70	112
3	1	2
2	250
970	1140
5	29
27	48
2	3
2	250
170	280
10	39
32	58
2	3
1600	5
10.441489361702128	18.39577114427861	26.72
88	1200	34	300
34	600	41	320
84	900	30	290
81	300	43	300
28	300	44	280
1800	5
12.130116959064328	21.811176470588236	33.65833333333333
10	1500	26	230
2	300	38	300
109	0	39	330
52	0	31	250
45	1500	37	250
2100	5
10.115424430641822	18.032258064516128	41.03260869565217
6	300	29	240
68	1200	21	190
67	1800	29	230
43	1200	22	220
60	600	51	320
0	255	305
255	0	117
305	117	0
200	200	300	500
0	34	9223372036854775807	9223372036854775807
10	34	9223372036854775807	9223372036854775807
10	52	9223372036854775807	9223372036854775807
0	0	0	0
0	0	0	0
0	0	0	0
49	96	0	0
72	91	0	0
72	101	0	0
67	100	152	0
67	86	0	0
72	96	0	0
0.058823529	0.057142857	0.055555556	0.054054054	0.052631579	0.051282051	0.05	0.048780488	0.047619048	0.046511628
0.109187752	0.11641184	0.123890078	0.131623974	0.139615005	0.147864615	0.15637422	0.165145206	0.174178933	0.183476735
0.158346653	0.169270098	0.180607342	0.192361911	0.204537266	0.217136802	0.23016385	0.243621687	0.257513528	0.271842536
0.252537542	0.269646633	0.287383614	0.305753125	0.324759715	0.34440784	0.36470187	0.385646096	0.407244729	0.429501902
