15	4	20	3	10
0.001
2	300
1100	750
0	37
22	56
2	1
2	300
1270	1080
10	44
29	66
1	2
2	270
1590	320	120
10	46	75
29	65	97
3	1	2
1	200
600	500	1340
10	41	66
21	54	77
1	2	3
1	200
1060	700	1080
0	31	56
11	44	67
1	2	3
2	270
1530	790	230
0	41	70
19	60	92
3	1	2
3	330
260	1160
10	49
37	91
1	3
1	200
1150	340	1800
10	36	56
21	49	67
1	2	3
2	270
190	1090	930
0	36	65
19	55	87
3	1	2
2	270
600	890	1470
5	41	75
24	60	97
3	1	2
2	250
950	1670
0	24
22	43
2	3
1	200
1040	560	130
5	36	51
16	49	62
1	2	3
2	250
1320	330
10	34
32	53
2	3
2	300
1220	70
0	32
22	51
2	1
2	270
1150	1060	1080
0	41	75
19	60	97
3	1	2
1600	4
10.441489361702128	18.39577114427861	26.72
101	300	29	190
69	900	32	250
106	0	24	240
150	900	26	190
1800	4
12.130116959064328	21.811176470588236	33.65833333333333
53	900	39	270
117	1200	38	250
142	300	33	240
21	600	35	260
2100	4
10.115424430641822	18.032258064516128	41.03260869565217
15	600	32	210
63	1200	26	230
116	1200	28	270
92	300	42	330
0	255	305
255	0	117
305	117	0
200	200	300	500
0	37	9223372036854775807	9223372036854775807
10	44	9223372036854775807	9223372036854775807
10	46	75	9223372036854775807
0	0	0	0
0	0	0	0
0	0	0	0
0	0	0	0
0	0	0	0
0	0	0	0
0	0	0	0
0	0	0	0
0	0	0	0
0	0	0	0
0	0	0	0
0	0	0	0
62	86	0	0
59	106	0	0
67	95	137	0
38	76	99	0
28	66	89	0
57	90	132	0
80	178	0	0
38	71	89	0
57	85	127	0
62	90	137	0
62	81	0	0
33	71	84	0
72	91	0	0
62	81	0	0
57	90	137	0
0.058823529	0.057142857	0.055555556	0.054054054	0.052631579	0.051282051	0.05	0.048780488	0.047619048	0.046511628
0.109187752	0.11641184	0.123890078	0.131623974	0.139615005	0.147864615	0.15637422	0.165145206	0.174178933	0.183476735
0.158346653	0.169270098	0.180607342	0.192361911	0.204537266	0.217136802	0.23016385	0.243621687	0.257513528	0.271842536
0.252537542	0.269646633	0.287383614	0.305753125	0.324759715	0.34440784	0.36470187	0.385646096	0.407244729	0.429501902
