4	4	10	3	10
0.001
2	300
1100	750
0	37
22	56
2	1
2	300
1270	1080
10	44
29	66
1	2
2	270
1590	320	120
10	46	75
29	65	97
3	1	2
1	200
600	500	1340
10	41	66
21	54	77
1	2	3
1600	4
10.441489361702128	18.39577114427861	26.72
49	600	50	330
69	1200	35	220
13	0	43	310
82	0	40	280
1800	4
12.130116959064328	21.811176470588236	33.65833333333333
76	1200	35	310
11	1200	32	260
54	0	43	310
12	1500	36	260
2100	4
10.115424430641822	18.032258064516128	41.03260869565217
36	1500	34	220
65	300	44	280
6	1500	26	220
73	1500	21	180
0	255	305
255	0	117
305	117	0
200	200	300	500
0	37	9223372036854775807	9223372036854775807
10	44	9223372036854775807	9223372036854775807
10	46	75	9223372036854775807
0	0	0	0
62	86	0	0
59	106	0	0
67	95	137	0
38	76	99	0
0.058823529	0.057142857	0.055555556	0.054054054	0.052631579	0.051282051	0.05	0.048780488	0.047619048	0.046511628
0.109187752	0.11641184	0.123890078	0.131623974	0.139615005	0.147864615	0.15637422	0.165145206	0.174178933	0.183476735
0.158346653	0.169270098	0.180607342	0.192361911	0.204537266	0.217136802	0.23016385	0.243621687	0.257513528	0.271842536
0.252537542	0.269646633	0.287383614	0.305753125	0.324759715	0.34440784	0.36470187	0.385646096	0.407244729	0.429501902
