7	4	40	3	10
0.001
2	300
960	360
5	44
24	66
1	2
2	300
950	570
5	44
24	66
1	2
1	200
980	380	70
10	31	46
21	44	57
1	2	3
2	250
1100	360
0	29
22	48
2	3
2	270
1370	1020	230
10	51	85
29	70	107
3	1	2
2	300
500	950
5	42
27	61
2	1
2	270
1790	380	440
5	46	80
24	65	102
3	1	2
1600	4
10.441489361702128	18.39577114427861	26.72
54	600	21	180
101	0	26	190
89	900	39	290
104	300	31	190
1800	4
12.130116959064328	21.811176470588236	33.65833333333333
53	1200	33	280
101	900	25	250
74	300	39	260
3	0	53	320
2100	4
10.115424430641822	18.032258064516128	41.03260869565217
69	1800	25	240
42	0	21	210
96	900	29	230
46	1200	37	320
0	255	305
255	0	117
305	117	0
200	200	300	500
5	44	9223372036854775807	9223372036854775807
5	44	9223372036854775807	9223372036854775807
10	31	46	9223372036854775807
0	0	0	0
0	0	0	0
0	0	0	0
0	0	0	0
54	106	0	0
54	106	0	0
38	66	79	0
62	86	0	0
67	100	147	0
67	91	0	0
62	95	142	0
0.058823529	0.057142857	0.055555556	0.054054054	0.052631579	0.051282051	0.05	0.048780488	0.047619048	0.046511628
0.109187752	0.11641184	0.123890078	0.131623974	0.139615005	0.147864615	0.15637422	0.165145206	0.174178933	0.183476735
0.158346653	0.169270098	0.180607342	0.192361911	0.204537266	0.217136802	0.23016385	0.243621687	0.257513528	0.271842536
0.252537542	0.269646633	0.287383614	0.305753125	0.324759715	0.34440784	0.36470187	0.385646096	0.407244729	0.429501902
