6	4	40	3	10
0.001
3	330
1260	800
0	44
27	86
1	3
2	250
1180	1740
0	29
22	48
2	3
2	250
60	470
0	34
22	53
2	3
1	200
560	1480	1020
10	36	56
21	49	67
1	2	3
2	270
200	420	490
5	36	65
24	55	87
3	1	2
2	300
370	250
5	47
27	66
2	1
1600	4
10.441489361702128	18.39577114427861	26.72
18	300	31	290
87	300	44	290
61	900	46	290
134	1200	29	250
1800	4
12.130116959064328	21.811176470588236	33.65833333333333
10	600	26	180
9	1200	26	200
111	900	37	300
137	0	25	210
2100	4
10.115424430641822	18.032258064516128	41.03260869565217
28	300	35	300
37	600	40	310
73	1200	38	230
68	0	29	240
0	255	305
255	0	117
305	117	0
200	200	300	500
0	44	9223372036854775807	9223372036854775807
0	29	9223372036854775807	9223372036854775807
0	34	9223372036854775807	9223372036854775807
0	0	0	0
0	0	0	0
0	0	0	0
70	173	0	0
62	86	0	0
62	91	0	0
38	71	89	0
62	85	127	0
67	96	0	0
0.058823529	0.057142857	0.055555556	0.054054054	0.052631579	0.051282051	0.05	0.048780488	0.047619048	0.046511628
0.109187752	0.11641184	0.123890078	0.131623974	0.139615005	0.147864615	0.15637422	0.165145206	0.174178933	0.183476735
0.158346653	0.169270098	0.180607342	0.192361911	0.204537266	0.217136802	0.23016385	0.243621687	0.257513528	0.271842536
0.252537542	0.269646633	0.287383614	0.305753125	0.324759715	0.34440784	0.36470187	0.385646096	0.407244729	0.429501902
