5	5	20	3	10
0.001
2	300
130	1440
0	34
19	56
1	2
1	200
560	20	1510
10	41	61
21	54	72
1	2	3
2	300
1180	360
5	39
24	61
1	2
2	270
280	1010	190
5	36	65
24	55	87
3	1	2
2	300
1030	460
0	34
19	56
1	2
1600	5
10.441489361702128	18.39577114427861	26.72
43	900	32	210
35	1200	30	180
32	300	36	230
4	900	29	240
13	0	24	220
1800	5
12.130116959064328	21.811176470588236	33.65833333333333
77	300	45	270
66	600	40	300
23	600	33	330
2	300	25	180
18	1200	25	210
2100	5
10.115424430641822	18.032258064516128	41.03260869565217
59	1800	28	210
32	600	23	180
8	300	21	190
82	900	28	180
41	0	49	330
0	255	305
255	0	117
305	117	0
200	200	300	500
0	34	9223372036854775807	9223372036854775807
10	41	61	9223372036854775807
5	39	9223372036854775807	9223372036854775807
0	0	0	0
0	0	0	0
49	96	0	0
38	76	94	0
54	101	0	0
62	85	127	0
49	96	0	0
0.058823529	0.057142857	0.055555556	0.054054054	0.052631579	0.051282051	0.05	0.048780488	0.047619048	0.046511628
0.109187752	0.11641184	0.123890078	0.131623974	0.139615005	0.147864615	0.15637422	0.165145206	0.174178933	0.183476735
0.158346653	0.169270098	0.180607342	0.192361911	0.204537266	0.217136802	0.23016385	0.243621687	0.257513528	0.271842536
0.252537542	0.269646633	0.287383614	0.305753125	0.324759715	0.34440784	0.36470187	0.385646096	0.407244729	0.429501902
