14	3	20	3	10
0.001
2	300
130	1440
0	34
19	56
1	2
1	200
560	20	1510
10	41	61
21	54	72
1	2	3
2	300
1180	360
5	39
24	61
1	2
2	270
280	1010	190
5	36	65
24	55	87
3	1	2
2	300
1030	460
0	34
19	56
1	2
2	300
1130	1040
5	37
27	56
2	1
1	200
1330	580	1790
10	36	56
21	49	67
1	2	3
2	300
1100	320
5	39
24	61
1	2
2	300
1040	50
0	32
22	51
2	1
3	330
160	1070
10	49
37	91
1	3
1	200
1120	800	920
10	41	56
21	54	67
1	2	3
2	300
320	20
10	44
29	66
1	2
2	300
900	300
5	37
27	56
2	1
2	250
1540	620
10	34
32	53
2	3
1600	3
10.441489361702128	18.39577114427861	26.72
123	0	42	320
9	0	26	190
36	0	30	270
1800	3
12.130116959064328	21.811176470588236	33.65833333333333
30	300	34	230
5	900	39	250
12	600	45	270
2100	3
10.115424430641822	18.032258064516128	41.03260869565217
151	0	23	210
5	600	35	320
135	1200	42	310
0	255	305
255	0	117
305	117	0
200	200	300	500
0	34	9223372036854775807	9223372036854775807
10	41	61	9223372036854775807
5	39	9223372036854775807	9223372036854775807
0	0	0	0
0	0	0	0
0	0	0	0
0	0	0	0
0	0	0	0
0	0	0	0
0	0	0	0
0	0	0	0
0	0	0	0
0	0	0	0
0	0	0	0
49	96	0	0
38	76	94	0
54	101	0	0
62	85	127	0
49	96	0	0
67	86	0	0
38	71	89	0
54	101	0	0
62	81	0	0
80	178	0	0
38	76	89	0
59	106	0	0
67	86	0	0
72	91	0	0
0.058823529	0.057142857	0.055555556	0.054054054	0.052631579	0.051282051	0.05	0.048780488	0.047619048	0.046511628
0.109187752	0.11641184	0.123890078	0.131623974	0.139615005	0.147864615	0.15637422	0.165145206	0.174178933	0.183476735
0.158346653	0.169270098	0.180607342	0.192361911	0.204537266	0.217136802	0.23016385	0.243621687	0.257513528	0.271842536
0.252537542	0.269646633	0.287383614	0.305753125	0.324759715	0.34440784	0.36470187	0.385646096	0.407244729	0.429501902
