6	4	20	3	10
0.001
2	300
1100	750
0	37
22	56
2	1
2	300
1270	1080
10	44
29	66
1	2
2	270
1590	320	120
10	46	75
29	65	97
3	1	2
1	200
600	500	1340
10	41	66
21	54	77
1	2	3
1	200
1060	700	1080
0	31	56
11	44	67
1	2	3
2	270
1530	790	230
0	41	70
19	60	92
3	1	2
1600	4
10.441489361702128	18.39577114427861	26.72
78	900	22	200
23	1200	31	200
64	1200	31	290
83	300	28	200
1800	4
12.130116959064328	21.811176470588236	33.65833333333333
63	1500	33	230
66	900	29	230
89	300	34	320
37	0	35	290
2100	4
10.115424430641822	18.032258064516128	41.03260869565217
89	1200	33	300
35	600	29	200
32	0	31	300
66	1500	43	300
0	255	305
255	0	117
305	117	0
200	200	300	500
0	37	9223372036854775807	9223372036854775807
10	44	9223372036854775807	9223372036854775807
10	46	75	9223372036854775807
0	0	0	0
0	0	0	0
0	0	0	0
62	86	0	0
59	106	0	0
67	95	137	0
38	76	99	0
28	66	89	0
57	90	132	0
0.058823529	0.057142857	0.055555556	0.054054054	0.052631579	0.051282051	0.05	0.048780488	0.047619048	0.046511628
0.109187752	0.11641184	0.123890078	0.131623974	0.139615005	0.147864615	0.15637422	0.165145206	0.174178933	0.183476735
0.158346653	0.169270098	0.180607342	0.192361911	0.204537266	0.217136802	0.23016385	0.243621687	0.257513528	0.271842536
0.252537542	0.269646633	0.287383614	0.305753125	0.324759715	0.34440784	0.36470187	0.385646096	0.407244729	0.429501902
