14	4	20	3	10
0.001
3	330
1260	800
0	44
27	86
1	3
2	250
1180	1740
0	29
22	48
2	3
2	250
60	470
0	34
22	53
2	3
1	200
560	1480	1020
10	36	56
21	49	67
1	2	3
2	270
200	420	490
5	36	65
24	55	87
3	1	2
2	300
370	250
5	47
27	66
2	1
2	270
200	470	200
10	51	80
29	70	102
3	1	2
2	270
1320	1150	940
5	41	70
24	60	92
3	1	2
1	200
1300	50	1300
5	26	41
16	39	52
1	2	3
2	300
1040	90
10	44
29	66
1	2
2	250
1260	1560
10	44
32	63
2	3
2	250
370	560
0	34
22	53
2	3
2	270
480	260	310
10	46	80
29	65	102
3	1	2
2	300
500	1270
5	42
27	61
2	1
1600	4
10.441489361702128	18.39577114427861	26.72
7	600	38	270
68	0	29	240
7	1200	33	270
75	1200	36	290
1800	4
12.130116959064328	21.811176470588236	33.65833333333333
105	300	36	250
55	1200	41	270
42	600	44	270
120	900	33	240
2100	4
10.115424430641822	18.032258064516128	41.03260869565217
128	900	18	180
23	1800	29	290
3	900	40	320
64	1800	22	190
0	255	305
255	0	117
305	117	0
200	200	300	500
0	44	9223372036854775807	9223372036854775807
0	29	9223372036854775807	9223372036854775807
0	34	9223372036854775807	9223372036854775807
0	0	0	0
0	0	0	0
0	0	0	0
0	0	0	0
0	0	0	0
0	0	0	0
0	0	0	0
0	0	0	0
0	0	0	0
0	0	0	0
0	0	0	0
70	173	0	0
62	86	0	0
62	91	0	0
38	71	89	0
62	85	127	0
67	96	0	0
67	100	142	0
62	90	132	0
33	61	74	0
59	106	0	0
72	101	0	0
62	91	0	0
67	95	142	0
67	91	0	0
0.058823529	0.057142857	0.055555556	0.054054054	0.052631579	0.051282051	0.05	0.048780488	0.047619048	0.046511628
0.109187752	0.11641184	0.123890078	0.131623974	0.139615005	0.147864615	0.15637422	0.165145206	0.174178933	0.183476735
0.158346653	0.169270098	0.180607342	0.192361911	0.204537266	0.217136802	0.23016385	0.243621687	0.257513528	0.271842536
0.252537542	0.269646633	0.287383614	0.305753125	0.324759715	0.34440784	0.36470187	0.385646096	0.407244729	0.429501902
