30	10	20	3	10
0.001
1	200
490	1190	1660
10	36	61
21	49	72
1	2	3
2	300
380	580
10	42
32	61
2	1
1	200
1100	1570	1660
10	31	51
21	44	62
1	2	3
3	330
740	110
5	54
32	96
1	3
2	300
260	720
10	44
29	66
1	2
2	300
300	950
10	42
32	61
2	1
2	300
1260	1180
5	34
24	56
1	2
2	250
390	740
0	34
22	53
2	3
2	250
1510	540
0	24
22	43
2	3
3	330
70	1140
10	59
37	101
1	3
2	270
1530	740	1430
0	31	60
19	50	82
3	1	2
1	200
1400	1450	1560
0	31	56
11	44	67
1	2	3
2	250
800	1160
5	39
27	58
2	3
1	200
50	570	1730
10	31	51
21	44	62
1	2	3
2	270
740	360	1420
10	51	80
29	70	102
3	1	2
3	330
180	1240
5	44
32	86
1	3
2	270
1510	50	1220
10	41	80
29	60	102
3	1	2
2	300
1480	20
10	47
32	66
2	1
2	250
900	1430
10	34
32	53
2	3
2	300
1480	1270
0	32
22	51
2	1
2	250
1520	1040
10	44
32	63
2	3
2	250
260	70
10	44
32	63
2	3
2	270
670	1320	1210
0	36	70
19	55	92
3	1	2
2	300
860	1270
5	47
27	66
2	1
2	300
340	930
0	29
19	51
1	2
3	330
1250	940
5	54
32	96
1	3
3	330
750	1140
10	59
37	101
1	3
3	330
280	540
10	59
37	101
1	3
2	250
260	1270
10	39
32	58
2	3
2	270
190	1310	310
0	31	70
19	50	92
3	1	2
1600	10
10.441489361702128	18.39577114427861	26.72
59	900	44	320
73	300	35	210
7	300	31	250
81	600	32	290
144	0	33	210
127	1200	25	220
122	600	30	200
11	600	30	230
16	1200	39	300
141	900	19	190
1800	10
12.130116959064328	21.811176470588236	33.65833333333333
139	900	28	220
5	1500	30	280
52	1500	37	300
28	600	30	290
145	300	27	190
61	600	48	290
11	1200	36	260
111	600	46	300
10	900	36	260
94	1200	41	280
2100	10
10.115424430641822	18.032258064516128	41.03260869565217
7	600	23	190
133	1200	43	320
3	0	35	210
127	600	42	310
2	1200	32	240
52	900	31	220
72	0	26	220
62	1200	51	310
96	1800	36	300
137	300	28	210
0	255	305
255	0	117
305	117	0
200	200	300	500
10	36	61	9223372036854775807
10	42	9223372036854775807	9223372036854775807
10	31	51	9223372036854775807
0	0	0	0
0	0	0	0
0	0	0	0
0	0	0	0
0	0	0	0
0	0	0	0
0	0	0	0
0	0	0	0
0	0	0	0
0	0	0	0
0	0	0	0
0	0	0	0
0	0	0	0
0	0	0	0
0	0	0	0
0	0	0	0
0	0	0	0
0	0	0	0
0	0	0	0
0	0	0	0
0	0	0	0
0	0	0	0
0	0	0	0
0	0	0	0
0	0	0	0
0	0	0	0
0	0	0	0
38	71	94	0
72	91	0	0
38	66	84	0
75	183	0	0
59	106	0	0
72	91	0	0
54	96	0	0
62	91	0	0
62	81	0	0
80	188	0	0
57	80	122	0
28	66	89	0
67	96	0	0
38	66	84	0
67	100	142	0
75	173	0	0
67	90	142	0
72	96	0	0
72	91	0	0
62	81	0	0
72	101	0	0
72	101	0	0
57	85	132	0
67	96	0	0
49	91	0	0
75	183	0	0
80	188	0	0
80	188	0	0
72	96	0	0
57	80	132	0
0.058823529	0.057142857	0.055555556	0.054054054	0.052631579	0.051282051	0.05	0.048780488	0.047619048	0.046511628
0.109187752	0.11641184	0.123890078	0.131623974	0.139615005	0.147864615	0.15637422	0.165145206	0.174178933	0.183476735
0.158346653	0.169270098	0.180607342	0.192361911	0.204537266	0.217136802	0.23016385	0.243621687	0.257513528	0.271842536
0.252537542	0.269646633	0.287383614	0.305753125	0.324759715	0.34440784	0.36470187	0.385646096	0.407244729	0.429501902
