50	5	20	3	10
0.001
2	250
250	930
0	24
22	43
2	3
2	300
190	960
10	52
32	71
2	1
2	300
600	190
0	32
22	51
2	1
1	200
1190	1500	760
10	31	56
21	44	67
1	2	3
2	300
1060	1140
5	39
24	61
1	2
2	250
370	1740
0	34
22	53
2	3
3	330
110	1440
0	49
27	91
1	3
2	250
1310	990
0	24
22	43
2	3
2	300
1190	1130
10	49
29	71
1	2
2	300
1130	40
5	44
24	66
1	2
2	250
160	1690
5	34
27	53
2	3
3	330
470	1380
10	59
37	101
1	3
3	330
160	1300
5	49
32	91
1	3
2	300
550	60
5	47
27	66
2	1
2	250
690	840
0	29
22	48
2	3
1	200
180	1140	560
0	26	46
11	39	57
1	2	3
2	300
780	840
5	47
27	66
2	1
2	300
370	310
10	49
29	71
1	2
2	250
1430	190
0	24
22	43
2	3
2	270
920	730	490
10	46	75
29	65	97
3	1	2
2	300
1280	1490
5	39
24	61
1	2
2	250
1380	250
5	34
27	53
2	3
2	270
230	1000	1040
10	51	90
29	70	112
3	1	2
2	270
240	470	1100
5	36	75
24	55	97
3	1	2
2	300
950	1300
0	29
19	51
1	2
2	270
800	20	890
0	36	70
19	55	92
3	1	2
2	300
1240	1470
5	44
24	66
1	2
2	270
30	1250	1350
10	46	85
29	65	107
3	1	2
2	300
590	190
10	47
32	66
2	1
2	250
1440	70
5	39
27	58
2	3
3	330
760	910
0	44
27	86
1	3
2	270
1790	860	1170
5	46	80
24	65	102
3	1	2
2	250
230	150
5	29
27	48
2	3
1	200
360	1490	1180
0	26	41
11	39	52
1	2	3
2	300
210	570
5	42
27	61
2	1
3	330
980	1440
0	49
27	91
1	3
2	300
340	460
10	49
29	71
1	2
1	200
240	350	1640
10	41	61
21	54	72
1	2	3
3	330
710	640
5	54
32	96
1	3
2	300
960	90
5	37
27	56
2	1
2	300
20	1210
10	49
29	71
1	2
2	270
1210	240	20
0	36	70
19	55	92
3	1	2
2	300
580	730
10	39
29	61
1	2
2	300
370	1480
5	44
24	66
1	2
1	200
950	1160	1830
10	41	66
21	54	77
1	2	3
2	250
1460	830
5	29
27	48
2	3
2	250
880	1680
0	29
22	48
2	3
2	250
80	200
0	34
22	53
2	3
2	270
560	820	1240
10	51	90
29	70	112
3	1	2
2	300
790	1090
10	47
32	66
2	1
1600	5
10.441489361702128	18.39577114427861	26.72
93	900	32	290
10	1200	33	260
153	600	28	270
144	0	28	190
136	1200	34	240
1800	5
12.130116959064328	21.811176470588236	33.65833333333333
22	0	52	320
142	1200	24	200
129	300	25	180
29	1200	33	220
97	0	36	240
2100	5
10.115424430641822	18.032258064516128	41.03260869565217
19	300	34	250
7	600	30	210
30	1500	29	240
17	0	24	210
39	900	26	210
0	255	305
255	0	117
305	117	0
200	200	300	500
0	24	9223372036854775807	9223372036854775807
10	52	9223372036854775807	9223372036854775807
0	32	9223372036854775807	9223372036854775807
0	0	0	0
0	0	0	0
0	0	0	0
0	0	0	0
0	0	0	0
0	0	0	0
0	0	0	0
0	0	0	0
0	0	0	0
0	0	0	0
0	0	0	0
0	0	0	0
0	0	0	0
0	0	0	0
0	0	0	0
0	0	0	0
0	0	0	0
0	0	0	0
0	0	0	0
0	0	0	0
0	0	0	0
0	0	0	0
0	0	0	0
0	0	0	0
0	0	0	0
0	0	0	0
0	0	0	0
0	0	0	0
0	0	0	0
0	0	0	0
0	0	0	0
0	0	0	0
0	0	0	0
0	0	0	0
0	0	0	0
0	0	0	0
0	0	0	0
0	0	0	0
0	0	0	0
0	0	0	0
0	0	0	0
0	0	0	0
0	0	0	0
0	0	0	0
0	0	0	0
0	0	0	0
0	0	0	0
62	81	0	0
72	101	0	0
62	81	0	0
38	66	89	0
54	101	0	0
62	91	0	0
70	178	0	0
62	81	0	0
59	111	0	0
54	106	0	0
67	91	0	0
80	188	0	0
75	178	0	0
67	96	0	0
62	86	0	0
28	61	79	0
67	96	0	0
59	111	0	0
62	81	0	0
67	95	137	0
54	101	0	0
67	91	0	0
67	100	152	0
62	85	137	0
49	91	0	0
57	85	132	0
54	106	0	0
67	95	147	0
72	96	0	0
67	96	0	0
70	173	0	0
62	95	142	0
67	86	0	0
28	61	74	0
67	91	0	0
70	178	0	0
59	111	0	0
38	76	94	0
75	183	0	0
67	86	0	0
59	111	0	0
57	85	132	0
59	101	0	0
54	106	0	0
38	76	99	0
67	86	0	0
62	86	0	0
62	91	0	0
67	100	152	0
72	96	0	0
0.058823529	0.057142857	0.055555556	0.054054054	0.052631579	0.051282051	0.05	0.048780488	0.047619048	0.046511628
0.109187752	0.11641184	0.123890078	0.131623974	0.139615005	0.147864615	0.15637422	0.165145206	0.174178933	0.183476735
0.158346653	0.169270098	0.180607342	0.192361911	0.204537266	0.217136802	0.23016385	0.243621687	0.257513528	0.271842536
0.252537542	0.269646633	0.287383614	0.305753125	0.324759715	0.34440784	0.36470187	0.385646096	0.407244729	0.429501902
