70	5	40	3	10
0.001
2	300
950	930
0	34
19	56
1	2
2	250
1360	1060
10	34
32	53
2	3
2	300
450	900
10	52
32	71
2	1
2	270
1360	30	1130
10	51	90
29	70	112
3	1	2
2	250
970	1140
5	29
27	48
2	3
2	250
170	280
10	39
32	58
2	3
2	270
400	1240	1140
10	46	80
29	65	102
3	1	2
2	300
440	360
10	47
32	66
2	1
1	200
1380	400	680
10	31	56
21	44	67
1	2	3
2	270
370	1240	1440
10	51	90
29	70	112
3	1	2
2	300
1270	1140
5	34
24	56
1	2
2	270
710	670	1090
5	41	70
24	60	92
3	1	2
2	300
600	1490
10	49
29	71
1	2
2	270
1080	360	530
5	41	80
24	60	102
3	1	2
2	300
390	490
0	42
22	61
2	1
3	330
990	740
0	39
27	81
1	3
1	200
390	160	1830
5	31	46
16	44	57
1	2	3
2	300
640	1100
10	44
29	66
1	2
2	300
450	400
0	29
19	51
1	2
2	300
980	670
0	37
22	56
2	1
1	200
760	440	50
5	26	51
16	39	62
1	2	3
1	200
520	950	1260
5	26	41
16	39	52
1	2	3
2	270
190	720	340
10	46	85
29	65	107
3	1	2
3	330
1200	970
0	44
27	86
1	3
1	200
210	940	1030
0	21	46
11	34	57
1	2	3
2	270
1400	400	860
0	41	75
19	60	97
3	1	2
2	300
590	1040
0	32
22	51
2	1
2	250
1340	690
10	44
32	63
2	3
2	270
1140	1220	30
10	41	80
29	60	102
3	1	2
2	270
770	1050	450
5	36	75
24	55	97
3	1	2
2	250
300	790
0	29
22	48
2	3
2	300
100	1280
10	47
32	66
2	1
2	250
1150	460
5	39
27	58
2	3
2	270
1500	100	1440
10	46	85
29	65	107
3	1	2
2	300
70	950
10	42
32	61
2	1
2	250
1020	1390
10	44
32	63
2	3
3	330
1000	550
5	54
32	96
1	3
1	200
40	410	1670
10	31	56
21	44	67
1	2	3
2	270
990	560	550
5	36	70
24	55	92
3	1	2
2	300
1160	1110
0	42
22	61
2	1
3	330
1160	1250
10	49
37	91
1	3
2	300
390	1300
0	42
22	61
2	1
1	200
780	280	1070
10	41	56
21	54	67
1	2	3
2	270
1510	70	1180
5	46	75
24	65	97
3	1	2
2	300
1080	1230
0	32
22	51
2	1
1	200
480	1020	460
0	26	51
11	39	62
1	2	3
2	300
740	630
10	44
29	66
1	2
3	330
1060	870
10	54
37	96
1	3
1	200
910	1560	470
10	31	51
21	44	62
1	2	3
2	300
400	730
5	39
24	61
1	2
2	300
240	380
5	47
27	66
2	1
1	200
220	1410	1640
5	36	61
16	49	72
1	2	3
2	300
100	1240
5	47
27	66
2	1
2	300
420	570
0	29
19	51
1	2
1	200
1340	560	230
0	26	46
11	39	57
1	2	3
2	270
370	850	430
0	41	80
19	60	102
3	1	2
2	250
250	330
10	44
32	63
2	3
3	330
290	1380
10	59
37	101
1	3
3	330
1130	1550
10	54
37	96
1	3
2	250
1210	1530
10	44
32	63
2	3
3	330
610	1270
5	54
32	96
1	3
1	200
50	510	1210
10	41	56
21	54	67
1	2	3
2	300
310	1450
10	49
29	71
1	2
2	300
420	1230
5	42
27	61
2	1
3	330
350	1310
5	54
32	96
1	3
2	270
1710	870	250
5	36	75
24	55	97
3	1	2
1	200
1390	1260	1030
0	31	51
11	44	62
1	2	3
2	300
490	900
5	34
24	56
1	2
2	300
1460	370
0	32
22	51
2	1
2	300
1150	40
10	44
29	66
1	2
1600	5
10.441489361702128	18.39577114427861	26.72
50	0	40	260
150	1200	35	230
100	300	27	230
3	600	39	300
41	900	48	310
1800	5
12.130116959064328	21.811176470588236	33.65833333333333
114	600	28	200
16	900	29	210
24	1200	27	260
7	0	34	330
53	0	37	290
2100	5
10.115424430641822	18.032258064516128	41.03260869565217
83	900	54	330
17	1500	40	240
136	1500	39	300
38	0	37	260
135	1800	23	230
0	255	305
255	0	117
305	117	0
200	200	300	500
0	34	9223372036854775807	9223372036854775807
10	34	9223372036854775807	9223372036854775807
10	52	9223372036854775807	9223372036854775807
0	0	0	0
0	0	0	0
0	0	0	0
0	0	0	0
0	0	0	0
0	0	0	0
0	0	0	0
0	0	0	0
0	0	0	0
0	0	0	0
0	0	0	0
0	0	0	0
0	0	0	0
0	0	0	0
0	0	0	0
0	0	0	0
0	0	0	0
0	0	0	0
0	0	0	0
0	0	0	0
0	0	0	0
0	0	0	0
0	0	0	0
0	0	0	0
0	0	0	0
0	0	0	0
0	0	0	0
0	0	0	0
0	0	0	0
0	0	0	0
0	0	0	0
0	0	0	0
0	0	0	0
0	0	0	0
0	0	0	0
0	0	0	0
0	0	0	0
0	0	0	0
0	0	0	0
0	0	0	0
0	0	0	0
0	0	0	0
0	0	0	0
0	0	0	0
0	0	0	0
0	0	0	0
0	0	0	0
0	0	0	0
0	0	0	0
0	0	0	0
0	0	0	0
0	0	0	0
0	0	0	0
0	0	0	0
0	0	0	0
0	0	0	0
0	0	0	0
0	0	0	0
0	0	0	0
0	0	0	0
0	0	0	0
0	0	0	0
0	0	0	0
0	0	0	0
0	0	0	0
0	0	0	0
0	0	0	0
49	96	0	0
72	91	0	0
72	101	0	0
67	100	152	0
67	86	0	0
72	96	0	0
67	95	142	0
72	96	0	0
38	66	89	0
67	100	152	0
54	96	0	0
62	90	132	0
59	111	0	0
62	90	142	0
62	91	0	0
70	168	0	0
33	66	79	0
59	106	0	0
49	91	0	0
62	86	0	0
33	61	84	0
33	61	74	0
67	95	147	0
70	173	0	0
28	56	79	0
57	90	137	0
62	81	0	0
72	101	0	0
67	90	142	0
62	85	137	0
62	86	0	0
72	96	0	0
67	96	0	0
67	95	147	0
72	91	0	0
72	101	0	0
75	183	0	0
38	66	89	0
62	85	132	0
62	91	0	0
80	178	0	0
62	91	0	0
38	76	89	0
62	95	137	0
62	81	0	0
28	61	84	0
59	106	0	0
80	183	0	0
38	66	84	0
54	101	0	0
67	96	0	0
33	71	94	0
67	96	0	0
49	91	0	0
28	61	79	0
57	90	142	0
72	101	0	0
80	188	0	0
80	183	0	0
72	101	0	0
75	183	0	0
38	76	89	0
59	111	0	0
67	91	0	0
75	183	0	0
62	85	137	0
28	66	84	0
54	96	0	0
62	81	0	0
59	106	0	0
0.058823529	0.057142857	0.055555556	0.054054054	0.052631579	0.051282051	0.05	0.048780488	0.047619048	0.046511628
0.109187752	0.11641184	0.123890078	0.131623974	0.139615005	0.147864615	0.15637422	0.165145206	0.174178933	0.183476735
0.158346653	0.169270098	0.180607342	0.192361911	0.204537266	0.217136802	0.23016385	0.243621687	0.257513528	0.271842536
0.252537542	0.269646633	0.287383614	0.305753125	0.324759715	0.34440784	0.36470187	0.385646096	0.407244729	0.429501902
