30	10	80	3	10
0.001
2	250
250	930
0	24
22	43
2	3
2	300
190	960
10	52
32	71
2	1
2	300
600	190
0	32
22	51
2	1
1	200
1190	1500	760
10	31	56
21	44	67
1	2	3
2	300
1060	1140
5	39
24	61
1	2
2	250
370	1740
0	34
22	53
2	3
3	330
110	1440
0	49
27	91
1	3
2	250
1310	990
0	24
22	43
2	3
2	300
1190	1130
10	49
29	71
1	2
2	300
1130	40
5	44
24	66
1	2
2	250
160	1690
5	34
27	53
2	3
3	330
470	1380
10	59
37	101
1	3
3	330
160	1300
5	49
32	91
1	3
2	300
550	60
5	47
27	66
2	1
2	250
690	840
0	29
22	48
2	3
1	200
180	1140	560
0	26	46
11	39	57
1	2	3
2	300
780	840
5	47
27	66
2	1
2	300
370	310
10	49
29	71
1	2
2	250
1430	190
0	24
22	43
2	3
2	270
920	730	490
10	46	75
29	65	97
3	1	2
2	300
1280	1490
5	39
24	61
1	2
2	250
1380	250
5	34
27	53
2	3
2	270
230	1000	1040
10	51	90
29	70	112
3	1	2
2	270
240	470	1100
5	36	75
24	55	97
3	1	2
2	300
950	1300
0	29
19	51
1	2
2	270
800	20	890
0	36	70
19	55	92
3	1	2
2	300
1240	1470
5	44
24	66
1	2
2	270
30	1250	1350
10	46	85
29	65	107
3	1	2
2	300
590	190
10	47
32	66
2	1
2	250
1440	70
5	39
27	58
2	3
1600	10
10.441489361702128	18.39577114427861	26.72
31	600	28	200
94	1200	42	270
89	900	41	300
106	0	28	260
144	300	33	200
33	300	29	270
100	600	24	220
133	900	24	230
39	900	30	230
127	600	30	230
1800	10
12.130116959064328	21.811176470588236	33.65833333333333
162	300	23	180
99	1500	43	260
132	1200	48	290
92	900	26	250
115	0	19	180
123	900	36	300
41	1200	45	310
93	1200	32	290
153	600	28	270
144	0	28	190
2100	10
10.115424430641822	18.032258064516128	41.03260869565217
136	1800	34	240
22	0	52	320
142	1500	24	200
129	300	25	180
29	1500	33	220
7	600	30	210
39	900	26	210
92	600	40	240
48	1200	39	270
72	600	18	180
0	255	305
255	0	117
305	117	0
200	200	300	500
0	24	9223372036854775807	9223372036854775807
10	52	9223372036854775807	9223372036854775807
0	32	9223372036854775807	9223372036854775807
0	0	0	0
0	0	0	0
0	0	0	0
0	0	0	0
0	0	0	0
0	0	0	0
0	0	0	0
0	0	0	0
0	0	0	0
0	0	0	0
0	0	0	0
0	0	0	0
0	0	0	0
0	0	0	0
0	0	0	0
0	0	0	0
0	0	0	0
0	0	0	0
0	0	0	0
0	0	0	0
0	0	0	0
0	0	0	0
0	0	0	0
0	0	0	0
0	0	0	0
0	0	0	0
0	0	0	0
62	81	0	0
72	101	0	0
62	81	0	0
38	66	89	0
54	101	0	0
62	91	0	0
70	178	0	0
62	81	0	0
59	111	0	0
54	106	0	0
67	91	0	0
80	188	0	0
75	178	0	0
67	96	0	0
62	86	0	0
28	61	79	0
67	96	0	0
59	111	0	0
62	81	0	0
67	95	137	0
54	101	0	0
67	91	0	0
67	100	152	0
62	85	137	0
49	91	0	0
57	85	132	0
54	106	0	0
67	95	147	0
72	96	0	0
67	96	0	0
0.058823529	0.057142857	0.055555556	0.054054054	0.052631579	0.051282051	0.05	0.048780488	0.047619048	0.046511628
0.109187752	0.11641184	0.123890078	0.131623974	0.139615005	0.147864615	0.15637422	0.165145206	0.174178933	0.183476735
0.158346653	0.169270098	0.180607342	0.192361911	0.204537266	0.217136802	0.23016385	0.243621687	0.257513528	0.271842536
0.252537542	0.269646633	0.287383614	0.305753125	0.324759715	0.34440784	0.36470187	0.385646096	0.407244729	0.429501902
