50	5	40	3	10
0.001
3	330
1260	800
0	44
27	86
1	3
2	250
1180	1740
0	29
22	48
2	3
2	250
60	470
0	34
22	53
2	3
1	200
560	1480	1020
10	36	56
21	49	67
1	2	3
2	270
200	420	490
5	36	65
24	55	87
3	1	2
2	300
370	250
5	47
27	66
2	1
2	270
200	470	200
10	51	80
29	70	102
3	1	2
2	270
1320	1150	940
5	41	70
24	60	92
3	1	2
1	200
1300	50	1300
5	26	41
16	39	52
1	2	3
2	300
1040	90
10	44
29	66
1	2
2	250
1260	1560
10	44
32	63
2	3
2	250
370	560
0	34
22	53
2	3
2	270
480	260	310
10	46	80
29	65	102
3	1	2
2	300
500	1270
5	42
27	61
2	1
2	250
910	1010
0	29
22	48
2	3
2	300
210	610
5	42
27	61
2	1
1	200
70	1110	680
10	36	56
21	49	67
1	2	3
2	270
460	1020	940
10	51	85
29	70	107
3	1	2
2	250
1430	770
0	29
22	48
2	3
2	250
790	1590
0	24
22	43
2	3
2	250
1280	1360
0	34
22	53
2	3
3	330
1000	880
10	49
37	91
1	3
1	200
530	870	40
0	21	46
11	34	57
1	2	3
2	300
780	40
0	39
19	61
1	2
2	270
790	760	1250
5	46	80
24	65	102
3	1	2
2	250
110	420
10	44
32	63
2	3
2	300
1390	750
10	47
32	66
2	1
2	300
770	520
0	34
19	56
1	2
2	300
1480	410
10	42
32	61
2	1
2	250
990	1350
0	24
22	43
2	3
2	300
1280	280
10	52
32	71
2	1
2	300
1320	630
0	42
22	61
2	1
1	200
690	1400	1100
10	31	56
21	44	67
1	2	3
3	330
0	1250
0	39
27	81
1	3
2	250
890	930
10	39
32	58
2	3
3	330
360	1660
0	49
27	91
1	3
2	300
440	720
0	42
22	61
2	1
2	300
200	50
5	47
27	66
2	1
1	200
480	180	1090
0	31	46
11	44	57
1	2	3
3	330
820	1630
5	54
32	96
1	3
1	200
820	80	1490
0	31	51
11	44	62
1	2	3
3	330
660	1730
5	54
32	96
1	3
3	330
710	1570
10	59
37	101
1	3
2	300
200	1210
10	52
32	71
2	1
2	300
0	310
0	34
19	56
1	2
2	250
290	1060
5	34
27	53
2	3
2	300
460	1120
0	29
19	51
1	2
3	330
1000	880
0	39
27	81
1	3
2	270
1740	100	460
10	41	70
29	60	92
3	1	2
2	270
1550	950	920
5	41	75
24	60	97
3	1	2
1600	5
10.441489361702128	18.39577114427861	26.72
38	0	45	320
87	0	31	260
141	300	34	270
132	600	29	280
144	900	33	330
1800	5
12.130116959064328	21.811176470588236	33.65833333333333
41	900	36	250
120	600	31	230
55	300	23	220
18	300	30	290
90	0	37	330
2100	5
10.115424430641822	18.032258064516128	41.03260869565217
91	300	37	330
12	0	39	240
25	1800	47	300
114	1200	25	220
10	600	21	190
0	255	305
255	0	117
305	117	0
200	200	300	500
0	44	9223372036854775807	9223372036854775807
0	29	9223372036854775807	9223372036854775807
0	34	9223372036854775807	9223372036854775807
0	0	0	0
0	0	0	0
0	0	0	0
0	0	0	0
0	0	0	0
0	0	0	0
0	0	0	0
0	0	0	0
0	0	0	0
0	0	0	0
0	0	0	0
0	0	0	0
0	0	0	0
0	0	0	0
0	0	0	0
0	0	0	0
0	0	0	0
0	0	0	0
0	0	0	0
0	0	0	0
0	0	0	0
0	0	0	0
0	0	0	0
0	0	0	0
0	0	0	0
0	0	0	0
0	0	0	0
0	0	0	0
0	0	0	0
0	0	0	0
0	0	0	0
0	0	0	0
0	0	0	0
0	0	0	0
0	0	0	0
0	0	0	0
0	0	0	0
0	0	0	0
0	0	0	0
0	0	0	0
0	0	0	0
0	0	0	0
0	0	0	0
0	0	0	0
0	0	0	0
0	0	0	0
0	0	0	0
70	173	0	0
62	86	0	0
62	91	0	0
38	71	89	0
62	85	127	0
67	96	0	0
67	100	142	0
62	90	132	0
33	61	74	0
59	106	0	0
72	101	0	0
62	91	0	0
67	95	142	0
67	91	0	0
62	86	0	0
67	91	0	0
38	71	89	0
67	100	147	0
62	86	0	0
62	81	0	0
62	91	0	0
80	178	0	0
28	56	79	0
49	101	0	0
62	95	142	0
72	101	0	0
72	96	0	0
49	96	0	0
72	91	0	0
62	81	0	0
72	101	0	0
62	91	0	0
38	66	89	0
70	168	0	0
72	96	0	0
70	178	0	0
62	91	0	0
67	96	0	0
28	66	79	0
75	183	0	0
28	66	84	0
75	183	0	0
80	188	0	0
72	101	0	0
49	96	0	0
67	91	0	0
49	91	0	0
70	168	0	0
67	90	132	0
62	90	137	0
0.058823529	0.057142857	0.055555556	0.054054054	0.052631579	0.051282051	0.05	0.048780488	0.047619048	0.046511628
0.109187752	0.11641184	0.123890078	0.131623974	0.139615005	0.147864615	0.15637422	0.165145206	0.174178933	0.183476735
0.158346653	0.169270098	0.180607342	0.192361911	0.204537266	0.217136802	0.23016385	0.243621687	0.257513528	0.271842536
0.252537542	0.269646633	0.287383614	0.305753125	0.324759715	0.34440784	0.36470187	0.385646096	0.407244729	0.429501902
