30	5	10	3	10
0.001
2	270
1420	460	1030
10	46	80
29	65	102
3	1	2
1	200
680	480	970
0	26	41
11	39	52
1	2	3
2	300
390	1060
0	32
22	51
2	1
2	250
1190	100
5	39
27	58
2	3
2	300
460	840
0	34
19	56
1	2
2	250
80	90
0	24
22	43
2	3
3	330
60	860
5	49
32	91
1	3
1	200
380	890	1570
0	26	51
11	39	62
1	2	3
2	250
540	1150
5	39
27	58
2	3
2	270
1020	550	1170
0	41	80
19	60	102
3	1	2
2	300
900	390
0	39
19	61
1	2
2	300
520	120
5	47
27	66
2	1
1	200
670	840	700
10	36	56
21	49	67
1	2	3
1	200
770	40	960
5	36	61
16	49	72
1	2	3
2	300
1280	780
5	37
27	56
2	1
2	300
350	1440
10	39
29	61
1	2
2	300
950	1420
5	44
24	66
1	2
2	270
1120	1110	880
0	31	70
19	50	92
3	1	2
2	250
80	930
0	24
22	43
2	3
1	200
680	740	1230
0	26	46
11	39	57
1	2	3
2	300
650	10
5	34
24	56
1	2
2	270
230	500	710
10	41	80
29	60	102
3	1	2
3	330
560	1770
0	44
27	86
1	3
3	330
580	1020
10	59
37	101
1	3
3	330
990	1500
5	54
32	96
1	3
2	300
90	770
0	37
22	56
2	1
1	200
10	1590	1100
5	31	46
16	44	57
1	2	3
2	270
1690	90	160
5	36	75
24	55	97
3	1	2
2	300
1230	1310
5	34
24	56
1	2
2	250
680	910
0	34
22	53
2	3
1600	5
10.441489361702128	18.39577114427861	26.72
130	1200	35	270
18	600	55	330
13	1200	31	200
112	0	26	250
79	300	43	270
1800	5
12.130116959064328	21.811176470588236	33.65833333333333
135	600	28	230
37	1500	43	280
87	1200	51	310
98	0	30	290
157	1200	27	210
2100	5
10.115424430641822	18.032258064516128	41.03260869565217
123	600	46	290
7	900	33	220
139	1500	27	180
103	300	30	220
17	1500	49	310
0	255	305
255	0	117
305	117	0
200	200	300	500
10	46	80	9223372036854775807
0	26	41	9223372036854775807
0	32	9223372036854775807	9223372036854775807
0	0	0	0
0	0	0	0
0	0	0	0
0	0	0	0
0	0	0	0
0	0	0	0
0	0	0	0
0	0	0	0
0	0	0	0
0	0	0	0
0	0	0	0
0	0	0	0
0	0	0	0
0	0	0	0
0	0	0	0
0	0	0	0
0	0	0	0
0	0	0	0
0	0	0	0
0	0	0	0
0	0	0	0
0	0	0	0
0	0	0	0
0	0	0	0
0	0	0	0
0	0	0	0
0	0	0	0
67	95	142	0
28	61	74	0
62	81	0	0
67	96	0	0
49	96	0	0
62	81	0	0
75	178	0	0
28	61	84	0
67	96	0	0
57	90	142	0
49	101	0	0
67	96	0	0
38	71	89	0
33	71	94	0
67	86	0	0
59	101	0	0
54	106	0	0
57	80	132	0
62	81	0	0
28	61	79	0
54	96	0	0
67	90	142	0
70	173	0	0
80	188	0	0
75	183	0	0
62	86	0	0
33	66	79	0
62	85	137	0
54	96	0	0
62	91	0	0
0.058823529	0.057142857	0.055555556	0.054054054	0.052631579	0.051282051	0.05	0.048780488	0.047619048	0.046511628
0.109187752	0.11641184	0.123890078	0.131623974	0.139615005	0.147864615	0.15637422	0.165145206	0.174178933	0.183476735
0.158346653	0.169270098	0.180607342	0.192361911	0.204537266	0.217136802	0.23016385	0.243621687	0.257513528	0.271842536
0.252537542	0.269646633	0.287383614	0.305753125	0.324759715	0.34440784	0.36470187	0.385646096	0.407244729	0.429501902
