50	10	80	3	10
0.001
2	300
960	360
5	44
24	66
1	2
2	300
950	570
5	44
24	66
1	2
1	200
980	380	70
10	31	46
21	44	57
1	2	3
2	250
1100	360
0	29
22	48
2	3
2	270
1370	1020	230
10	51	85
29	70	107
3	1	2
2	300
500	950
5	42
27	61
2	1
2	270
1790	380	440
5	46	80
24	65	102
3	1	2
3	330
380	820
5	44
32	86
1	3
2	250
160	1550
10	39
32	58
2	3
2	270
1510	120	1480
0	41	80
19	60	102
3	1	2
2	300
1200	600
5	37
27	56
2	1
2	250
1280	1030
10	34
32	53
2	3
2	270
1230	460	820
10	51	90
29	70	112
3	1	2
2	300
60	490
0	42
22	61
2	1
2	250
120	210
10	39
32	58
2	3
2	300
50	140
5	42
27	61
2	1
2	300
720	1220
10	39
29	61
1	2
2	270
760	560	870
10	41	70
29	60	92
3	1	2
1	200
220	150	620
5	31	46
16	44	57
1	2	3
3	330
90	330
10	54
37	96
1	3
2	300
1090	790
10	42
32	61
2	1
2	270
1440	350	1430
10	51	85
29	70	107
3	1	2
2	250
550	810
0	34
22	53
2	3
3	330
380	900
5	54
32	96
1	3
2	300
290	1200
5	44
24	66
1	2
2	270
410	360	610
0	31	70
19	50	92
3	1	2
2	300
750	870
0	32
22	51
2	1
2	300
20	1110
0	37
22	56
2	1
2	300
480	660
0	42
22	61
2	1
2	270
430	610	1240
0	31	70
19	50	92
3	1	2
3	330
60	1380
0	39
27	81
1	3
2	300
640	330
5	37
27	56
2	1
2	300
190	210
10	39
29	61
1	2
2	270
1770	970	210
10	51	85
29	70	107
3	1	2
1	200
510	1020	1160
5	31	51
16	44	62
1	2	3
1	200
650	1550	1390
0	21	46
11	34	57
1	2	3
2	300
860	700
0	39
19	61
1	2
2	250
750	1180
10	34
32	53
2	3
2	270
290	980	1390
0	41	80
19	60	102
3	1	2
3	330
0	90
0	49
27	91
1	3
1	200
1020	630	390
0	21	41
11	34	52
1	2	3
3	330
1260	50
0	44
27	86
1	3
1	200
1110	370	920
10	31	46
21	44	57
1	2	3
1	200
1240	540	240
10	31	51
21	44	62
1	2	3
2	300
310	220
0	34
19	56
1	2
2	300
1110	1110
5	47
27	66
2	1
2	270
610	770	320
0	41	75
19	60	97
3	1	2
2	300
630	1250
5	34
24	56
1	2
3	330
440	1680
10	49
37	91
1	3
2	270
870	260	170
0	36	70
19	55	92
3	1	2
1600	10
10.441489361702128	18.39577114427861	26.72
78	300	24	210
56	900	40	290
75	0	38	240
40	600	24	220
138	300	24	200
125	0	27	210
39	0	27	240
133	900	41	320
18	1200	35	290
102	600	28	220
1800	10
12.130116959064328	21.811176470588236	33.65833333333333
30	300	28	250
93	1200	23	200
44	900	29	200
128	0	28	190
143	300	40	250
37	0	38	290
74	300	29	240
51	1500	24	220
21	1500	28	280
116	900	52	330
2100	10
10.115424430641822	18.032258064516128	41.03260869565217
104	600	44	320
92	0	39	320
60	900	38	290
36	600	24	220
20	900	40	250
59	1200	42	280
8	1200	39	330
33	1800	47	290
109	1500	42	330
56	0	24	180
0	255	305
255	0	117
305	117	0
200	200	300	500
5	44	9223372036854775807	9223372036854775807
5	44	9223372036854775807	9223372036854775807
10	31	46	9223372036854775807
0	0	0	0
0	0	0	0
0	0	0	0
0	0	0	0
0	0	0	0
0	0	0	0
0	0	0	0
0	0	0	0
0	0	0	0
0	0	0	0
0	0	0	0
0	0	0	0
0	0	0	0
0	0	0	0
0	0	0	0
0	0	0	0
0	0	0	0
0	0	0	0
0	0	0	0
0	0	0	0
0	0	0	0
0	0	0	0
0	0	0	0
0	0	0	0
0	0	0	0
0	0	0	0
0	0	0	0
0	0	0	0
0	0	0	0
0	0	0	0
0	0	0	0
0	0	0	0
0	0	0	0
0	0	0	0
0	0	0	0
0	0	0	0
0	0	0	0
0	0	0	0
0	0	0	0
0	0	0	0
0	0	0	0
0	0	0	0
0	0	0	0
0	0	0	0
0	0	0	0
0	0	0	0
0	0	0	0
54	106	0	0
54	106	0	0
38	66	79	0
62	86	0	0
67	100	147	0
67	91	0	0
62	95	142	0
75	173	0	0
72	96	0	0
57	90	142	0
67	86	0	0
72	91	0	0
67	100	152	0
62	91	0	0
72	96	0	0
67	91	0	0
59	101	0	0
67	90	132	0
33	66	79	0
80	183	0	0
72	91	0	0
67	100	147	0
62	91	0	0
75	183	0	0
54	106	0	0
57	80	132	0
62	81	0	0
62	86	0	0
62	91	0	0
57	80	132	0
70	168	0	0
67	86	0	0
59	101	0	0
67	100	147	0
33	66	84	0
28	56	79	0
49	101	0	0
72	91	0	0
57	90	142	0
70	178	0	0
28	56	74	0
70	173	0	0
38	66	79	0
38	66	84	0
49	96	0	0
67	96	0	0
57	90	137	0
54	96	0	0
80	178	0	0
57	85	132	0
0.058823529	0.057142857	0.055555556	0.054054054	0.052631579	0.051282051	0.05	0.048780488	0.047619048	0.046511628
0.109187752	0.11641184	0.123890078	0.131623974	0.139615005	0.147864615	0.15637422	0.165145206	0.174178933	0.183476735
0.158346653	0.169270098	0.180607342	0.192361911	0.204537266	0.217136802	0.23016385	0.243621687	0.257513528	0.271842536
0.252537542	0.269646633	0.287383614	0.305753125	0.324759715	0.34440784	0.36470187	0.385646096	0.407244729	0.429501902
