30	5	10	3	10
0.001
1	200
360	1540	30
10	31	51
21	44	62
1	2	3
2	250
810	1340
0	29
22	48
2	3
1	200
810	40	930
5	31	56
16	44	67
1	2	3
2	250
950	1310
10	44
32	63
2	3
1	200
170	350	620
5	26	46
16	39	57
1	2	3
2	250
1020	230
5	34
27	53
2	3
2	300
690	1060
10	44
29	66
1	2
2	250
1520	540
5	39
27	58
2	3
2	270
1040	1050	1410
0	36	75
19	55	97
3	1	2
3	330
210	1440
10	59
37	101
1	3
2	270
1560	870	570
5	41	75
24	60	97
3	1	2
2	250
1330	100
0	24
22	43
2	3
2	300
800	1140
10	52
32	71
2	1
2	300
1050	740
10	47
32	66
2	1
2	250
470	1810
0	29
22	48
2	3
2	300
1330	1270
0	37
22	56
2	1
1	200
830	1180	690
0	31	56
11	44	67
1	2	3
2	250
1010	1210
5	39
27	58
2	3
3	330
70	1060
10	49
37	91
1	3
1	200
190	850	1280
10	31	46
21	44	57
1	2	3
2	300
1280	360
10	49
29	71
1	2
2	300
1060	1400
10	39
29	61
1	2
2	300
940	1470
10	44
29	66
1	2
3	330
1160	820
10	54
37	96
1	3
3	330
690	60
5	44
32	86
1	3
2	250
0	170
5	39
27	58
2	3
2	250
1040	710
5	34
27	53
2	3
3	330
600	450
5	44
32	86
1	3
2	300
1160	900
0	42
22	61
2	1
2	300
280	920
0	42
22	61
2	1
1600	5
10.441489361702128	18.39577114427861	26.72
77	600	39	310
145	1200	36	220
99	300	24	200
19	300	28	200
148	300	40	280
1800	5
12.130116959064328	21.811176470588236	33.65833333333333
42	0	24	190
49	600	35	210
100	900	30	260
142	1500	29	280
149	1200	26	240
2100	5
10.115424430641822	18.032258064516128	41.03260869565217
1	600	30	260
44	1500	29	280
146	600	35	330
75	900	20	180
27	300	26	250
0	255	305
255	0	117
305	117	0
200	200	300	500
10	31	51	9223372036854775807
0	29	9223372036854775807	9223372036854775807
5	31	56	9223372036854775807
0	0	0	0
0	0	0	0
0	0	0	0
0	0	0	0
0	0	0	0
0	0	0	0
0	0	0	0
0	0	0	0
0	0	0	0
0	0	0	0
0	0	0	0
0	0	0	0
0	0	0	0
0	0	0	0
0	0	0	0
0	0	0	0
0	0	0	0
0	0	0	0
0	0	0	0
0	0	0	0
0	0	0	0
0	0	0	0
0	0	0	0
0	0	0	0
0	0	0	0
0	0	0	0
0	0	0	0
38	66	84	0
62	86	0	0
33	66	89	0
72	101	0	0
33	61	79	0
67	91	0	0
59	106	0	0
67	96	0	0
57	85	137	0
80	188	0	0
62	90	137	0
62	81	0	0
72	101	0	0
72	96	0	0
62	86	0	0
62	86	0	0
28	66	89	0
67	96	0	0
80	178	0	0
38	66	79	0
59	111	0	0
59	101	0	0
59	106	0	0
80	183	0	0
75	173	0	0
67	96	0	0
67	91	0	0
75	173	0	0
62	91	0	0
62	91	0	0
0.058823529	0.057142857	0.055555556	0.054054054	0.052631579	0.051282051	0.05	0.048780488	0.047619048	0.046511628
0.109187752	0.11641184	0.123890078	0.131623974	0.139615005	0.147864615	0.15637422	0.165145206	0.174178933	0.183476735
0.158346653	0.169270098	0.180607342	0.192361911	0.204537266	0.217136802	0.23016385	0.243621687	0.257513528	0.271842536
0.252537542	0.269646633	0.287383614	0.305753125	0.324759715	0.34440784	0.36470187	0.385646096	0.407244729	0.429501902
