50	5	80	3	10
0.001
2	270
660	800	1160
5	36	70
24	55	92
3	1	2
3	330
650	1260
10	59
37	101
1	3
2	300
1300	250
5	37
27	56
2	1
2	300
260	590
10	47
32	66
2	1
3	330
160	730
5	44
32	86
1	3
1	200
820	1360	1780
5	31	51
16	44	62
1	2	3
2	300
550	1230
0	42
22	61
2	1
3	330
760	440
0	44
27	86
1	3
2	250
320	550
5	34
27	53
2	3
1	200
550	1540	1500
0	26	51
11	39	62
1	2	3
2	270
1350	1240	280
5	41	80
24	60	102
3	1	2
2	250
390	990
0	34
22	53
2	3
2	250
790	1390
0	29
22	48
2	3
2	270
400	680	330
0	31	60
19	50	82
3	1	2
1	200
100	1530	280
10	31	51
21	44	62
1	2	3
2	270
570	1270	540
5	36	75
24	55	97
3	1	2
2	270
670	520	1240
5	41	80
24	60	102
3	1	2
2	300
480	330
0	32
22	51
2	1
2	300
300	90
0	37
22	56
2	1
3	330
600	840
5	44
32	86
1	3
2	300
470	880
5	37
27	56
2	1
2	250
1050	0
5	39
27	58
2	3
3	330
30	1330
5	44
32	86
1	3
2	250
1380	500
5	29
27	48
2	3
2	270
500	1170	330
5	36	65
24	55	87
3	1	2
2	270
90	910	210
10	46	80
29	65	102
3	1	2
2	300
790	80
5	42
27	61
2	1
2	300
1050	1200
0	34
19	56
1	2
3	330
200	930
0	39
27	81
1	3
1	200
460	200	1710
5	36	61
16	49	72
1	2	3
3	330
1180	1010
10	54
37	96
1	3
2	300
710	1100
0	29
19	51
1	2
2	270
1550	130	980
0	31	60
19	50	82
3	1	2
3	330
340	450
5	49
32	91
1	3
3	330
890	420
10	54
37	96
1	3
2	300
1260	650
10	49
29	71
1	2
2	250
230	1110
0	29
22	48
2	3
2	300
320	950
0	39
19	61
1	2
3	330
240	1010
10	49
37	91
1	3
2	300
1180	680
5	37
27	56
2	1
1	200
720	850	410
5	26	51
16	39	62
1	2	3
3	330
970	950
5	44
32	86
1	3
3	330
290	10
10	59
37	101
1	3
2	250
1040	1340
10	39
32	58
2	3
2	270
130	680	160
10	46	80
29	65	102
3	1	2
1	200
180	390	1300
0	21	36
11	34	47
1	2	3
2	300
400	20
0	32
22	51
2	1
3	330
0	290
5	44
32	86
1	3
3	330
1000	1220
10	59
37	101
1	3
2	300
1250	1020
0	37
22	56
2	1
1600	5
10.441489361702128	18.39577114427861	26.72
125	900	44	320
64	600	31	240
161	300	19	180
15	900	39	310
85	900	25	220
1800	5
12.130116959064328	21.811176470588236	33.65833333333333
138	300	26	210
10	600	33	260
5	1200	34	230
37	900	30	200
91	300	33	220
2100	5
10.115424430641822	18.032258064516128	41.03260869565217
102	1800	36	230
44	900	34	310
67	300	38	290
124	600	31	240
135	1200	35	210
0	255	305
255	0	117
305	117	0
200	200	300	500
5	36	70	9223372036854775807
10	59	9223372036854775807	9223372036854775807
5	37	9223372036854775807	9223372036854775807
0	0	0	0
0	0	0	0
0	0	0	0
0	0	0	0
0	0	0	0
0	0	0	0
0	0	0	0
0	0	0	0
0	0	0	0
0	0	0	0
0	0	0	0
0	0	0	0
0	0	0	0
0	0	0	0
0	0	0	0
0	0	0	0
0	0	0	0
0	0	0	0
0	0	0	0
0	0	0	0
0	0	0	0
0	0	0	0
0	0	0	0
0	0	0	0
0	0	0	0
0	0	0	0
0	0	0	0
0	0	0	0
0	0	0	0
0	0	0	0
0	0	0	0
0	0	0	0
0	0	0	0
0	0	0	0
0	0	0	0
0	0	0	0
0	0	0	0
0	0	0	0
0	0	0	0
0	0	0	0
0	0	0	0
0	0	0	0
0	0	0	0
0	0	0	0
0	0	0	0
0	0	0	0
0	0	0	0
62	85	132	0
80	188	0	0
67	86	0	0
72	96	0	0
75	173	0	0
33	66	84	0
62	91	0	0
70	173	0	0
67	91	0	0
28	61	84	0
62	90	142	0
62	91	0	0
62	86	0	0
57	80	122	0
38	66	84	0
62	85	137	0
62	90	142	0
62	81	0	0
62	86	0	0
75	173	0	0
67	86	0	0
67	96	0	0
75	173	0	0
67	86	0	0
62	85	127	0
67	95	142	0
67	91	0	0
49	96	0	0
70	168	0	0
33	71	94	0
80	183	0	0
49	91	0	0
57	80	122	0
75	178	0	0
80	183	0	0
59	111	0	0
62	86	0	0
49	101	0	0
80	178	0	0
67	86	0	0
33	61	84	0
75	173	0	0
80	188	0	0
72	96	0	0
67	95	142	0
28	56	69	0
62	81	0	0
75	173	0	0
80	188	0	0
62	86	0	0
0.058823529	0.057142857	0.055555556	0.054054054	0.052631579	0.051282051	0.05	0.048780488	0.047619048	0.046511628
0.109187752	0.11641184	0.123890078	0.131623974	0.139615005	0.147864615	0.15637422	0.165145206	0.174178933	0.183476735
0.158346653	0.169270098	0.180607342	0.192361911	0.204537266	0.217136802	0.23016385	0.243621687	0.257513528	0.271842536
0.252537542	0.269646633	0.287383614	0.305753125	0.324759715	0.34440784	0.36470187	0.385646096	0.407244729	0.429501902
