50	5	80	3	10
0.001
2	300
130	1440
0	34
19	56
1	2
1	200
560	20	1510
10	41	61
21	54	72
1	2	3
2	300
1180	360
5	39
24	61
1	2
2	270
280	1010	190
5	36	65
24	55	87
3	1	2
2	300
1030	460
0	34
19	56
1	2
2	300
1130	1040
5	37
27	56
2	1
1	200
1330	580	1790
10	36	56
21	49	67
1	2	3
2	300
1100	320
5	39
24	61
1	2
2	300
1040	50
0	32
22	51
2	1
3	330
160	1070
10	49
37	91
1	3
1	200
1120	800	920
10	41	56
21	54	67
1	2	3
2	300
320	20
10	44
29	66
1	2
2	300
900	300
5	37
27	56
2	1
2	250
1540	620
10	34
32	53
2	3
1	200
650	190	1720
0	26	41
11	39	52
1	2	3
3	330
780	300
0	39
27	81
1	3
2	300
1040	230
0	37
22	56
2	1
1	200
830	60	810
5	26	46
16	39	57
1	2	3
2	250
1550	660
0	24
22	43
2	3
2	300
120	1270
10	42
32	61
2	1
2	300
40	1240
5	44
24	66
1	2
1	200
980	260	1010
5	31	46
16	44	57
1	2	3
3	330
1110	110
0	39
27	81
1	3
2	300
640	500
10	47
32	66
2	1
2	270
250	1000	890
0	36	75
19	55	97
3	1	2
2	300
930	290
0	34
19	56
1	2
3	330
980	610
10	54
37	96
1	3
2	300
690	830
0	37
22	56
2	1
2	250
240	1300
0	24
22	43
2	3
3	330
1250	1440
10	49
37	91
1	3
1	200
530	20	1040
5	31	46
16	44	57
1	2	3
2	300
500	780
5	42
27	61
2	1
2	250
650	710
0	29
22	48
2	3
3	330
490	960
0	39
27	81
1	3
2	300
220	1090
10	39
29	61
1	2
2	250
30	1730
5	39
27	58
2	3
1	200
10	1570	570
5	31	56
16	44	67
1	2	3
1	200
480	490	1560
5	26	46
16	39	57
1	2	3
1	200
1220	1280	980
0	26	46
11	39	57
1	2	3
3	330
840	1540
10	49
37	91
1	3
3	330
890	610
0	44
27	86
1	3
2	300
670	300
5	47
27	66
2	1
3	330
1190	590
5	49
32	91
1	3
2	250
1340	190
10	44
32	63
2	3
3	330
220	1560
5	54
32	96
1	3
3	330
150	720
0	39
27	81
1	3
2	300
910	680
0	39
19	61
1	2
1	200
740	700	540
10	41	66
21	54	77
1	2	3
2	300
450	940
10	39
29	61
1	2
2	300
20	110
0	29
19	51
1	2
1600	5
10.441489361702128	18.39577114427861	26.72
111	600	44	270
74	0	48	330
1	900	28	180
54	900	30	200
127	1200	19	180
1800	5
12.130116959064328	21.811176470588236	33.65833333333333
106	900	32	310
95	600	21	200
150	1200	31	300
73	0	28	260
25	600	31	310
2100	5
10.115424430641822	18.032258064516128	41.03260869565217
92	1800	41	300
150	0	29	220
94	900	40	270
46	300	45	320
117	600	37	290
0	255	305
255	0	117
305	117	0
200	200	300	500
0	34	9223372036854775807	9223372036854775807
10	41	61	9223372036854775807
5	39	9223372036854775807	9223372036854775807
0	0	0	0
0	0	0	0
0	0	0	0
0	0	0	0
0	0	0	0
0	0	0	0
0	0	0	0
0	0	0	0
0	0	0	0
0	0	0	0
0	0	0	0
0	0	0	0
0	0	0	0
0	0	0	0
0	0	0	0
0	0	0	0
0	0	0	0
0	0	0	0
0	0	0	0
0	0	0	0
0	0	0	0
0	0	0	0
0	0	0	0
0	0	0	0
0	0	0	0
0	0	0	0
0	0	0	0
0	0	0	0
0	0	0	0
0	0	0	0
0	0	0	0
0	0	0	0
0	0	0	0
0	0	0	0
0	0	0	0
0	0	0	0
0	0	0	0
0	0	0	0
0	0	0	0
0	0	0	0
0	0	0	0
0	0	0	0
0	0	0	0
0	0	0	0
0	0	0	0
0	0	0	0
0	0	0	0
49	96	0	0
38	76	94	0
54	101	0	0
62	85	127	0
49	96	0	0
67	86	0	0
38	71	89	0
54	101	0	0
62	81	0	0
80	178	0	0
38	76	89	0
59	106	0	0
67	86	0	0
72	91	0	0
28	61	74	0
70	168	0	0
62	86	0	0
33	61	79	0
62	81	0	0
72	91	0	0
54	106	0	0
33	66	79	0
70	168	0	0
72	96	0	0
57	85	137	0
49	96	0	0
80	183	0	0
62	86	0	0
62	81	0	0
80	178	0	0
33	66	79	0
67	91	0	0
62	86	0	0
70	168	0	0
59	101	0	0
67	96	0	0
33	66	89	0
33	61	79	0
28	61	79	0
80	178	0	0
70	173	0	0
67	96	0	0
75	178	0	0
72	101	0	0
75	183	0	0
70	168	0	0
49	101	0	0
38	76	99	0
59	101	0	0
49	91	0	0
0.058823529	0.057142857	0.055555556	0.054054054	0.052631579	0.051282051	0.05	0.048780488	0.047619048	0.046511628
0.109187752	0.11641184	0.123890078	0.131623974	0.139615005	0.147864615	0.15637422	0.165145206	0.174178933	0.183476735
0.158346653	0.169270098	0.180607342	0.192361911	0.204537266	0.217136802	0.23016385	0.243621687	0.257513528	0.271842536
0.252537542	0.269646633	0.287383614	0.305753125	0.324759715	0.34440784	0.36470187	0.385646096	0.407244729	0.429501902
