50	5	10	3	10
0.001
2	300
1100	750
0	37
22	56
2	1
2	300
1270	1080
10	44
29	66
1	2
2	270
1590	320	120
10	46	75
29	65	97
3	1	2
1	200
600	500	1340
10	41	66
21	54	77
1	2	3
1	200
1060	700	1080
0	31	56
11	44	67
1	2	3
2	270
1530	790	230
0	41	70
19	60	92
3	1	2
3	330
260	1160
10	49
37	91
1	3
1	200
1150	340	1800
10	36	56
21	49	67
1	2	3
2	270
190	1090	930
0	36	65
19	55	87
3	1	2
2	270
600	890	1470
5	41	75
24	60	97
3	1	2
2	250
950	1670
0	24
22	43
2	3
1	200
1040	560	130
5	36	51
16	49	62
1	2	3
2	250
1320	330
10	34
32	53
2	3
2	300
1220	70
0	32
22	51
2	1
2	270
1150	1060	1080
0	41	75
19	60	97
3	1	2
3	330
1000	700
10	54
37	96
1	3
2	300
990	710
5	34
24	56
1	2
3	330
880	900
0	39
27	81
1	3
2	270
200	790	970
10	46	80
29	65	102
3	1	2
2	250
590	900
10	44
32	63
2	3
1	200
570	850	620
10	36	56
21	49	67
1	2	3
2	270
1530	710	800
5	36	65
24	55	87
3	1	2
2	270
570	140	540
0	36	70
19	55	92
3	1	2
2	250
140	1120
10	34
32	53
2	3
3	330
900	500
10	54
37	96
1	3
2	300
220	1490
5	34
24	56
1	2
2	270
1390	1230	690
10	41	75
29	60	97
3	1	2
2	250
100	1260
0	29
22	48
2	3
2	300
1300	280
10	52
32	71
2	1
3	330
370	1720
0	44
27	86
1	3
3	330
580	640
0	44
27	86
1	3
2	250
200	1020
10	34
32	53
2	3
2	250
670	1310
10	34
32	53
2	3
2	300
300	330
10	47
32	66
2	1
2	300
610	980
5	37
27	56
2	1
3	330
680	50
0	44
27	86
1	3
2	300
1330	320
5	42
27	61
2	1
1	200
200	1350	760
10	41	66
21	54	77
1	2	3
2	270
630	290	1120
5	46	75
24	65	97
3	1	2
2	270
520	860	860
5	46	80
24	65	102
3	1	2
2	300
10	270
5	37
27	56
2	1
2	300
560	760
5	39
24	61
1	2
2	270
1330	680	1310
5	36	75
24	55	97
3	1	2
2	250
240	1460
10	44
32	63
2	3
2	300
1310	1150
5	42
27	61
2	1
3	330
1040	710
5	54
32	96
1	3
2	250
70	920
0	24
22	43
2	3
2	270
1830	60	660
10	51	85
29	70	107
3	1	2
3	330
330	1270
5	54
32	96
1	3
2	270
950	60	1420
0	36	75
19	55	97
3	1	2
1600	5
10.441489361702128	18.39577114427861	26.72
133	900	40	300
92	600	20	180
4	900	27	250
117	600	35	290
102	1200	23	210
1800	5
12.130116959064328	21.811176470588236	33.65833333333333
100	300	24	180
125	1200	43	290
51	1500	33	260
85	1200	27	240
24	1200	33	230
2100	5
10.115424430641822	18.032258064516128	41.03260869565217
122	1500	42	300
112	300	33	260
69	600	45	330
31	0	27	240
41	600	23	200
0	255	305
255	0	117
305	117	0
200	200	300	500
0	37	9223372036854775807	9223372036854775807
10	44	9223372036854775807	9223372036854775807
10	46	75	9223372036854775807
0	0	0	0
0	0	0	0
0	0	0	0
0	0	0	0
0	0	0	0
0	0	0	0
0	0	0	0
0	0	0	0
0	0	0	0
0	0	0	0
0	0	0	0
0	0	0	0
0	0	0	0
0	0	0	0
0	0	0	0
0	0	0	0
0	0	0	0
0	0	0	0
0	0	0	0
0	0	0	0
0	0	0	0
0	0	0	0
0	0	0	0
0	0	0	0
0	0	0	0
0	0	0	0
0	0	0	0
0	0	0	0
0	0	0	0
0	0	0	0
0	0	0	0
0	0	0	0
0	0	0	0
0	0	0	0
0	0	0	0
0	0	0	0
0	0	0	0
0	0	0	0
0	0	0	0
0	0	0	0
0	0	0	0
0	0	0	0
0	0	0	0
0	0	0	0
0	0	0	0
0	0	0	0
0	0	0	0
62	86	0	0
59	106	0	0
67	95	137	0
38	76	99	0
28	66	89	0
57	90	132	0
80	178	0	0
38	71	89	0
57	85	127	0
62	90	137	0
62	81	0	0
33	71	84	0
72	91	0	0
62	81	0	0
57	90	137	0
80	183	0	0
54	96	0	0
70	168	0	0
67	95	142	0
72	101	0	0
38	71	89	0
62	85	127	0
57	85	132	0
72	91	0	0
80	183	0	0
54	96	0	0
67	90	137	0
62	86	0	0
72	101	0	0
70	173	0	0
70	173	0	0
72	91	0	0
72	91	0	0
72	96	0	0
67	86	0	0
70	173	0	0
67	91	0	0
38	76	99	0
62	95	137	0
62	95	142	0
67	86	0	0
54	101	0	0
62	85	137	0
72	101	0	0
67	91	0	0
75	183	0	0
62	81	0	0
67	100	147	0
75	183	0	0
57	85	137	0
0.058823529	0.057142857	0.055555556	0.054054054	0.052631579	0.051282051	0.05	0.048780488	0.047619048	0.046511628
0.109187752	0.11641184	0.123890078	0.131623974	0.139615005	0.147864615	0.15637422	0.165145206	0.174178933	0.183476735
0.158346653	0.169270098	0.180607342	0.192361911	0.204537266	0.217136802	0.23016385	0.243621687	0.257513528	0.271842536
0.252537542	0.269646633	0.287383614	0.305753125	0.324759715	0.34440784	0.36470187	0.385646096	0.407244729	0.429501902
